2 0.563648 0.729556 0.496359 0.426667
0 0.424555 0.340465 0.630000 0.472736
0 0.184559 0.665312 0.313633 0.317569
0 0.487285 0.735611 0.117273 0.240000
0 0.733422 0.745313 0.181359 0.298181
1 0.567738 0.854410 0.081820 0.128486
1 0.675465 0.635014 0.100914 0.266667
1 0.308648 0.398646 0.158188 0.196375
1 0.127281 0.496833 0.090000 0.106667
1 0.325695 0.643493 0.099547 0.172125
1 0.562965 0.195007 0.203180 0.278792
1 0.417055 0.101674 0.309547 0.164847
1 0.674102 0.186528 0.321812 0.329694
9 0.515918 0.501674 0.957273 0.901819
