1 0.455473 0.374667 0.225787 0.056836
1 0.374157 0.185209 0.170527 0.136818
1 0.577053 0.074173 0.165787 0.148347
1 0.763367 0.186244 0.115267 0.117893
1 0.798103 0.438876 0.080527 0.042107
1 0.614947 0.873613 0.156320 0.178942
1 0.441263 0.880982 0.105793 0.155796
1 0.199683 0.679933 0.080527 0.107369
1 0.798103 0.565191 0.162633 0.084213
1 0.224947 0.449400 0.118427 0.122107
0 0.622053 0.688351 0.078947 0.141058
0 0.609420 0.465196 0.097893 0.103156
0 0.299947 0.415720 0.082107 0.088418
2 0.503630 0.497822 0.846313 0.913689
6 0.485473 0.519929 0.914213 0.928427
