1 0.681287 0.720170 0.123987 0.156140
1 0.632167 0.420170 0.154387 0.092980
1 0.811113 0.578070 0.088893 0.166660
1 0.871347 0.542100 0.059653 0.126320
1 0.490647 0.370180 0.119293 0.059640
1 0.487720 0.459650 0.050293 0.133340
1 0.423387 0.557020 0.083040 0.124560
1 0.487720 0.683330 0.122800 0.135100
0 0.723387 0.523680 0.084213 0.138600
0 0.694153 0.597370 0.109933 0.117540
0 0.595907 0.499120 0.114613 0.089480
0 0.564327 0.347370 0.105267 0.122820
0 0.480120 0.526310 0.065493 0.108780
2 0.636840 0.540350 0.491227 0.431580
6 0.606433 0.485090 0.692387 0.717540
