6 0.495325 0.472856 0.990650 0.787138
2 0.621008 0.407675 0.748083 0.508250
0 0.688125 0.670869 0.165017 0.113863
0 0.299783 0.663444 0.259633 0.148512
1 0.571508 0.242656 0.068217 0.042912
1 0.627608 0.778963 0.189217 0.052800
1 0.531908 0.680775 0.116617 0.094050
1 0.288775 0.400244 0.220017 0.143563
1 0.047858 0.483581 0.094617 0.112212
1 0.183167 0.273181 0.070400 0.127062
0 0.275575 0.199756 0.114417 0.082513
0 0.773925 0.217081 0.191417 0.051163
0 0.088283 0.571038 0.176567 0.072600
0 0.086083 0.363119 0.172167 0.122112
0 0.374583 0.757506 0.268433 0.082512
