1 0.768570 0.462979 0.074609 0.324208
1 0.608703 0.271403 0.133812 0.202111
1 0.696332 0.175611 0.126711 0.242111
1 0.663180 0.073507 0.202500 0.101042
1 0.397914 0.120875 0.103031 0.149472
1 0.271797 0.228243 0.045000 0.145264
1 0.560742 0.562979 0.090000 0.103153
1 0.489691 0.707194 0.125523 0.172639
1 0.297258 0.704035 0.150391 0.263153
1 0.063969 0.652451 0.067500 0.063153
1 0.847320 0.884035 0.052109 0.117903
1 0.935547 0.522979 0.079344 0.322097
1 0.225613 0.470347 0.142102 0.111583
0 0.140937 0.338771 0.169344 0.101042
0 0.186531 0.171403 0.090000 0.187361
0 0.271203 0.125083 0.133812 0.128417
0 0.329230 0.227187 0.069867 0.126319
0 0.835480 0.211403 0.101836 0.246306
0 0.309688 0.880875 0.270000 0.221056
0 0.927258 0.749299 0.107766 0.151569
0 0.759691 0.921931 0.156320 0.096833
2 0.529953 0.500875 0.873953 0.901056
6 0.506859 0.511403 0.962766 0.934750
