6 0.512801 0.496747 0.954080 0.930526
2 0.510591 0.492539 0.737141 0.741057
1 0.415403 0.736750 0.152744 0.122104
1 0.631232 0.782013 0.088543 0.103161
1 0.610203 0.536750 0.192585 0.134740
1 0.414296 0.302013 0.115110 0.115786
1 0.327965 0.216750 0.141670 0.063156
1 0.187399 0.555695 0.170449 0.147370
1 0.879159 0.464120 0.097399 0.216844
0 0.755197 0.563065 0.097404 0.082109
0 0.178543 0.434643 0.037634 0.086318
0 0.257128 0.337802 0.017705 0.031583
0 0.282585 0.683068 0.055345 0.040000
0 0.668864 0.331487 0.154956 0.073682
