6 0.488511 0.508247 0.921318 0.966319
2 0.499761 0.572465 0.567236 0.727569
0 0.470747 0.327196 0.215518 0.237899
0 0.690420 0.681944 0.195391 0.303160
0 0.408574 0.824045 0.140918 0.233681
1 0.193643 0.506146 0.182363 0.338958
1 0.281274 0.128247 0.476045 0.240000
1 0.414502 0.391406 0.067500 0.080000
1 0.547129 0.507205 0.046191 0.189479
1 0.674434 0.397726 0.054473 0.109479
1 0.756143 0.539835 0.066309 0.124219
1 0.646011 0.837726 0.066318 0.067361
1 0.307324 0.812457 0.073418 0.134740
1 0.572593 0.918776 0.030791 0.061059
