1 0.548845 0.766169 0.307220 0.352572
10 0.497617 0.494003 0.995235 0.975262
0 0.623073 0.483696 0.303096 0.249486
0 0.242662 0.347608 0.181444 0.282473
0 0.053290 0.528023 0.106579 0.169079
0 0.265325 0.592992 0.202022 0.212338
0 0.402455 0.206372 0.224747 0.082473
0 0.626169 0.217712 0.197933 0.134016
0 0.779774 0.341426 0.224747 0.146390
0 0.399364 0.400190 0.111345 0.263917
0 0.768434 0.843484 0.280406 0.136083
0 0.882866 0.706376 0.113403 0.121652
0 0.254003 0.150704 0.191760 0.098971
0 0.481837 0.105343 0.305153 0.107220
1 0.735447 0.162044 0.160821 0.241236
1 0.889052 0.356891 0.117527 0.230930
1 0.900397 0.532148 0.173195 0.210307
1 0.785966 0.654829 0.109296 0.327834
1 0.101426 0.632148 0.134025 0.220614
1 0.267405 0.755857 0.292789 0.208249
1 0.408637 0.612559 0.200000 0.164955
1 0.513795 0.394003 0.191760 0.098962
1 0.145754 0.250704 0.086597 0.187635
2 0.492148 0.506372 0.964946 0.942274
