1 0.424140 0.280592 0.128421 0.109191
1 0.535833 0.172604 0.105754 0.169862
1 0.639965 0.512318 0.037772 0.082505
1 0.669105 0.429813 0.042088 0.116469
1 0.612447 0.444379 0.094965 0.194122
1 0.420364 0.559625 0.066904 0.123748
1 0.620000 0.275740 0.103596 0.138304
1 0.366408 0.474694 0.049640 0.094635
1 0.310829 0.337604 0.061518 0.121321
1 0.375579 0.242968 0.020509 0.087357
1 0.543386 0.622722 0.082018 0.123748
1 0.466224 0.401913 0.080939 0.303314
2 0.432232 0.710069 0.125184 0.201400
2 0.302737 0.517160 0.073386 0.237791
0 0.461908 0.126499 0.035605 0.082505
0 0.515325 0.256321 0.073386 0.050947
0 0.608132 0.350947 0.058281 0.133452
0 0.359390 0.519586 0.067991 0.184418
0 0.570364 0.723422 0.155395 0.087357
0 0.624855 0.580247 0.096044 0.131026
0 0.546079 0.414043 0.057193 0.264497
0 0.372877 0.386134 0.097123 0.063077
2 0.342123 0.295148 0.035614 0.084931
2 0.499140 0.485621 0.489930 0.674556
10 0.487807 0.473491 0.529860 0.810454
1 0.423601 0.175039 0.084167 0.058245
