5 0.497000 0.471422 0.942562 0.802117
0 0.484505 0.580900 0.187406 0.280000
0 0.490052 0.344052 0.226271 0.328420
0 0.699667 0.533523 0.048583 0.240000
0 0.685089 0.250363 0.088844 0.120000
0 0.214510 0.429321 0.233208 0.212638
1 0.373453 0.418791 0.198510 0.452622
1 0.652474 0.354581 0.254031 0.341043
1 0.192990 0.390371 0.095792 0.273697
1 0.289464 0.571422 0.122156 0.181043
1 0.611521 0.558791 0.116604 0.126303
1 0.743391 0.365111 0.088844 0.147378
1 0.461599 0.345111 0.072177 0.115782
2 0.479646 0.509321 0.760708 0.604202
