1 0.645262 0.568212 0.106735 0.121658
1 0.577974 0.669236 0.120671 0.113394
1 0.659767 0.433148 0.117172 0.185570
1 0.410911 0.772332 0.194913 0.323731
1 0.273426 0.584702 0.091662 0.183497
1 0.344206 0.441399 0.126458 0.078342
1 0.825663 0.592940 0.126458 0.303083
1 0.320999 0.260984 0.182143 0.158756
0 0.799570 0.332124 0.148499 0.412383
0 0.609293 0.188834 0.215787 0.290725
0 0.334337 0.124909 0.190277 0.096917
0 0.619745 0.876451 0.278440 0.202073
0 0.146968 0.539339 0.186793 0.315466
0 0.482259 0.366153 0.158950 0.414430
2 0.493856 0.503251 0.892172 0.952565
10 0.504300 0.495013 0.984985 0.981425
2 0.210204 0.262021 0.044082 0.131969
2 0.750255 0.606347 0.119490 0.342280
2 0.303017 0.634184 0.146181 0.468057
