5 0.494224 0.521069 0.985260 0.936847
0 0.468169 0.284229 0.301578 0.366319
0 0.343432 0.515806 0.292104 0.294736
0 0.130276 0.567385 0.213156 0.292632
0 0.144487 0.346333 0.121578 0.090528
0 0.842383 0.291594 0.137370 0.136840
0 0.537646 0.113701 0.251052 0.172625
1 0.405802 0.838965 0.243156 0.136847
1 0.332383 0.693701 0.181578 0.250528
1 0.822643 0.655806 0.132630 0.174736
1 0.778432 0.431597 0.243156 0.210528
1 0.701068 0.212649 0.138948 0.092632
1 0.518698 0.671597 0.266844 0.315792
1 0.276328 0.226330 0.157896 0.267368
2 0.446854 0.492649 0.644208 0.821049
