0 0.278941 0.322907 0.118063 0.111366
10 0.497140 0.491960 0.988784 0.936079
2 0.500338 0.502291 0.809595 0.750485
0 0.305315 0.472401 0.137027 0.150529
0 0.317950 0.625991 0.166532 0.127841
0 0.499257 0.609515 0.166532 0.123700
0 0.687973 0.667247 0.147568 0.284537
0 0.537207 0.454868 0.124414 0.177313
0 0.694302 0.374471 0.096982 0.115463
0 0.453941 0.269295 0.227703 0.127841
1 0.194617 0.504339 0.118063 0.309295
1 0.808131 0.502291 0.109595 0.338150
1 0.517185 0.213634 0.244550 0.140220
1 0.634212 0.340441 0.107523 0.307225
1 0.447613 0.741454 0.307838 0.123700
1 0.392793 0.584758 0.088559 0.255683
2 0.443401 0.805396 0.198153 0.119604
2 0.226239 0.739405 0.092748 0.127797
