1 0.653256 0.750660 0.028648 0.068041
1 0.406742 0.403238 0.036185 0.140205
1 0.702257 0.655815 0.030155 0.059795
1 0.703011 0.408393 0.037692 0.051549
1 0.650241 0.302207 0.070863 0.070103
1 0.487405 0.294991 0.179420 0.059795
1 0.634409 0.531075 0.180927 0.065979
1 0.603500 0.698084 0.116095 0.065979
1 0.341909 0.699115 0.081418 0.150516
1 0.412774 0.680557 0.078403 0.059795
1 0.317781 0.481583 0.087438 0.214448
0 0.711304 0.477465 0.036187 0.061856
0 0.471575 0.438291 0.192990 0.206188
0 0.525099 0.609426 0.158312 0.136082
2 0.662303 0.632104 0.098005 0.078349
2 0.546206 0.766125 0.164343 0.140209
2 0.385634 0.680559 0.126647 0.265979
2 0.631394 0.377465 0.120617 0.228865
2 0.501729 0.522826 0.497553 0.692783
10 0.506253 0.530043 0.585000 0.814431
