1 0.656225 0.624978 0.077700 0.338133
1 0.198687 0.537344 0.083500 0.092778
2 0.506031 0.507444 0.686588 0.672178
2 0.383094 0.770333 0.088137 0.158756
0 0.586056 0.516722 0.090462 0.249489
2 0.384837 0.186833 0.154250 0.072156
0 0.281031 0.366211 0.115988 0.198333
0 0.242756 0.698989 0.199488 0.303089
10 0.505456 0.531167 0.750387 0.839178
0 0.525750 0.665178 0.115975 0.356711
0 0.664344 0.736311 0.114812 0.358756
0 0.766406 0.530122 0.121788 0.214422
0 0.688700 0.254867 0.098575 0.175244
0 0.599394 0.265178 0.066112 0.146400
0 0.428325 0.281678 0.134525 0.076289
1 0.257256 0.230122 0.105538 0.109267
1 0.410350 0.548678 0.151925 0.424733
1 0.511825 0.215689 0.118300 0.274222
1 0.695075 0.454867 0.141500 0.138133
