0 0.481250 0.668216 0.201676 0.280415
0 0.479059 0.142448 0.244059 0.140207
1 0.360676 0.079564 0.188529 0.051535
1 0.788169 0.274409 0.195838 0.395871
1 0.642015 0.168216 0.108147 0.232988
1 0.756743 0.633174 0.118368 0.288672
1 0.266412 0.648641 0.096471 0.237116
1 0.616434 0.620809 0.092074 0.313402
1 0.556522 0.455851 0.191456 0.164938
1 0.299294 0.391940 0.133000 0.169066
1 0.391368 0.339357 0.080382 0.228880
1 0.226956 0.274409 0.213382 0.119606
10 0.522904 0.496058 0.849132 0.958755
2 0.525096 0.487811 0.795044 0.909274
2 0.399404 0.817707 0.134456 0.195871
2 0.332176 0.613589 0.099382 0.245353
2 0.205029 0.395021 0.128618 0.092780
2 0.185301 0.549668 0.100838 0.175270
0 0.655897 0.315643 0.071618 0.144315
0 0.730434 0.367189 0.092074 0.284544
0 0.500985 0.315643 0.173912 0.115477
