2 0.820258 0.598236 0.146141 0.251556
2 0.512910 0.478646 0.774742 0.889069
1 0.501895 0.315556 0.135695 0.200000
1 0.283273 0.465042 0.155406 0.354639
1 0.571484 0.866069 0.198328 0.216500
1 0.745453 0.246486 0.193688 0.296917
0 0.389398 0.254736 0.086984 0.127833
0 0.653250 0.304215 0.148453 0.173208
0 0.345902 0.764007 0.299227 0.202069
0 0.169617 0.432049 0.122938 0.111347
10 0.501301 0.499062 0.997398 0.983514
0 0.586559 0.568132 0.226164 0.288653
0 0.514652 0.142361 0.196008 0.154639
0 0.310527 0.946542 0.131055 0.106917
